805 805
0 1 -2.805741
0 10 -2.669477
0 14 -0.571004
0 17 0.001307
0 21 -0.816280
1 2 1.500216
1 3 0.246583
1 10 -1.088809
2 3 -0.189464
3 4 -0.461993
3 10 -1.797384
3 18 0.246583
3 19 -3.241788
3 27 0.192077
3 29 -1.443097
3 30 -0.898039
4 5 0.682629
4 6 -0.407487
4 19 -0.625510
4 20 -0.898039
4 22 -0.080452
4 23 -0.898039
4 25 -1.443097
4 26 -0.898039
4 28 -2.260684
4 31 -0.243969
4 32 -1.225074
4 36 0.519112
4 38 -0.216717
6 7 -0.789027
6 8 -0.243969
6 9 -0.080452
6 11 -0.734521
6 20 -1.497603
8 9 0.301088
8 11 -0.080452
8 12 -1.443097
9 11 -0.134958
9 12 -0.571004
9 13 0.028560
9 15 0.110318
9 20 -0.816280
9 26 0.083065
10 18 0.927905
10 21 -0.352981
10 24 -1.933649
11 12 -0.380234
13 16 0.519112
13 23 -1.170568
14 17 0.900652
16 23 0.791641
17 21 -0.352981
17 24 -1.306832
17 39 -0.298475
18 24 -0.680016
18 29 -0.107705
19 22 -0.898039
19 27 -0.243969
19 34 0.655376
19 37 1.091422
19 41 0.791641
20 26 0.328341
21 24 0.137571
22 25 -0.816280
22 37 -2.315189
23 26 -0.053199
23 38 0.301088
23 43 0.573617
23 44 -2.478707
24 29 -0.380234
24 30 -0.843533
24 34 -1.306832
24 39 -0.571004
24 40 -0.571004
24 47 -0.734521
24 48 -0.380234
24 51 -0.134958
24 54 -0.352981
24 56 -0.843533
24 57 -1.388591
24 62 -0.761774
24 65 -1.170568
24 73 1.227687
24 77 0.355594
24 84 0.083065
24 85 -0.298475
24 86 -0.516498
24 88 -1.116062
25 32 0.410100
25 33 0.410100
25 37 -0.734521
25 40 -0.080452
27 30 -0.053199
27 34 0.791641
28 31 -1.579361
28 32 -1.388591
29 30 -0.461993
30 34 0.083065
31 32 1.282193
31 35 0.246583
31 36 0.355594
31 38 -0.680016
31 49 -0.816280
31 50 -1.824637
32 35 0.628123
33 35 2.154285
33 40 0.791641
34 41 0.246583
34 45 -1.606614
34 48 0.410100
35 40 0.900652
35 42 1.554722
35 49 -0.952545
36 38 0.437353
37 40 -1.007050
37 41 -0.952545
38 43 0.600870
38 50 0.083065
39 47 -0.489245
40 41 0.519112
40 42 1.173181
40 45 -0.489245
40 49 0.355594
40 52 1.009664
40 54 -1.225074
40 59 0.737135
40 60 -0.680016
40 62 -0.243969
40 65 0.410100
40 69 -2.424201
40 76 -0.189464
41 45 1.145928
43 44 -1.388591
43 46 0.737135
43 50 1.500216
43 53 -1.225074
43 58 -0.461993
43 61 0.628123
43 63 -1.334085
44 46 -0.898039
45 48 -0.298475
45 51 -0.461993
45 54 -1.061556
49 50 -0.352981
49 52 -0.489245
49 53 -1.770131
49 55 -1.606614
49 58 -0.461993
49 64 0.273836
49 67 0.301088
49 70 -0.516498
49 71 0.055812
49 78 0.655376
50 53 -0.025946
51 54 1.009664
52 55 0.600870
52 59 -0.298475
52 60 -0.516498
52 64 -0.625510
52 66 0.355594
52 70 -0.461993
52 80 -0.352981
53 58 0.001307
54 62 -0.571004
58 61 -0.189464
58 67 0.873399
58 68 0.846146
58 72 -1.552108
58 82 -0.979798
59 60 -0.843533
60 66 -1.225074
60 69 -0.707269
60 76 -0.407487
60 78 -0.979798
60 80 -0.925292
60 89 0.355594
60 95 0.818893
61 63 0.055812
61 68 0.573617
61 75 0.519112
61 81 -1.007050
62 65 -0.925292
64 70 1.500216
65 73 0.464606
65 76 -0.489245
66 80 -1.497603
67 72 -1.715626
68 74 -0.025946
68 75 0.246583
68 82 0.519112
68 83 -0.380234
68 96 -0.516498
69 76 0.083065
70 78 1.091422
71 72 -2.642224
71 78 -1.715626
71 79 -2.642224
72 79 -1.770131
72 82 0.246583
73 76 -0.189464
73 86 4.116494
73 90 -0.189464
73 92 -1.116062
75 81 -1.988155
75 83 -0.680016
76 90 0.464606
76 93 0.028560
77 84 -0.516498
78 79 -2.696730
78 80 -0.461993
78 82 -1.497603
78 87 -1.225074
78 89 -0.298475
79 82 -1.061556
81 83 -1.197821
82 87 -0.898039
82 94 0.628123
83 96 0.083065
84 88 -0.843533
84 91 -1.824637
85 86 -1.279579
86 88 -0.298475
86 91 -0.571004
86 92 -0.571004
87 89 0.301088
87 94 1.336698
88 91 -1.143315
89 94 0.110318
90 92 -1.497603
90 93 -1.088809
91 92 -0.407487
92 93 -1.770131
97 98 -0.080452
97 107 -2.151672
97 115 0.846146
97 117 -0.707269
98 99 0.927905
98 107 -0.025946
98 108 0.110318
99 100 -0.189464
99 108 1.227687
99 109 3.789459
99 111 -0.598257
99 116 -0.216717
99 119 -0.952545
99 120 -0.243969
99 121 -0.734521
99 122 -0.870786
99 124 0.001307
99 125 -1.715626
99 126 -1.988155
99 130 0.846146
99 133 -0.952545
100 101 -1.007050
100 102 -0.952545
100 103 -0.898039
100 104 -2.151672
100 111 -0.707269
102 103 -0.516498
102 104 0.273836
102 106 -0.952545
103 104 0.464606
103 105 -0.134958
103 106 -0.761774
103 110 0.083065
103 111 -0.734521
103 112 -0.571004
103 113 -0.843533
103 121 -0.979798
104 106 -0.571004
105 110 0.083065
105 113 0.737135
105 114 0.737135
105 119 -1.170568
107 108 1.064170
107 115 1.336698
107 117 0.682629
107 118 1.064170
107 123 -1.116062
108 109 2.535826
108 116 -0.352981
108 118 0.355594
108 127 1.445710
108 128 -1.388591
110 113 0.628123
111 121 -1.770131
113 119 -0.734521
114 119 0.001307
114 142 0.410100
114 143 0.246583
114 147 0.737135
115 117 -0.598257
115 123 -0.843533
115 137 -1.633867
116 120 -2.587718
116 129 -0.516498
116 135 -0.979798
116 139 -0.952545
118 123 -0.243969
118 128 -0.707269
119 121 -1.770131
119 133 -0.461993
119 140 0.519112
119 142 -0.543751
119 143 -0.571004
120 125 -2.587718
120 131 -2.832994
120 135 -1.770131
122 124 -0.598257
122 126 0.192077
123 127 -1.116062
123 128 -0.298475
123 129 -0.080452
123 131 0.137571
123 134 -0.243969
123 137 -0.134958
123 150 -1.497603
123 154 0.083065
123 156 -0.652763
123 158 -0.243969
123 161 -1.061556
123 171 -1.007050
123 173 1.282193
123 179 0.083065
123 184 -1.388591
123 188 -1.497603
123 192 -0.189464
123 193 0.355594
123 195 0.164824
123 196 -0.298475
123 198 0.164824
123 199 0.083065
124 126 0.628123
124 130 -0.107705
124 132 0.900652
125 126 0.055812
125 131 -0.380234
125 136 2.181538
126 136 1.718239
126 138 0.573617
126 141 0.464606
127 128 0.628123
127 129 1.909009
127 134 -0.380234
129 134 0.573617
129 139 -0.407487
129 144 -2.042660
129 150 1.118675
130 132 0.437353
130 133 -0.898039
130 140 0.709882
131 135 -1.715626
131 136 1.881756
131 145 0.410100
131 146 2.372308
131 148 1.064170
131 152 0.491859
131 153 0.955158
131 158 -0.298475
131 163 -0.680016
131 173 0.573617
132 138 -1.061556
132 140 0.491859
132 141 0.955158
132 146 -0.898039
132 149 -0.571004
133 140 -0.843533
135 139 -2.587718
135 144 0.301088
135 145 -0.625510
135 152 1.009664
135 153 1.118675
136 138 0.682629
136 146 2.154285
138 141 0.355594
138 146 -0.843533
139 144 -0.407487
140 143 0.791641
140 147 0.382847
140 149 -0.243969
140 151 0.519112
140 157 -0.134958
142 143 -0.189464
143 147 1.363951
143 151 1.500216
144 150 -0.843533
144 152 0.519112
144 154 -0.080452
144 158 1.009664
146 148 -0.625510
146 149 -0.516498
146 155 -1.933649
146 166 -0.625510
146 167 -0.053199
146 172 -1.116062
146 174 -0.516498
146 175 -0.707269
146 176 0.573617
147 151 1.254940
147 157 0.900652
147 159 -0.053199
147 160 0.192077
147 164 0.246583
147 165 -1.088809
148 163 -0.461993
148 166 -0.843533
148 169 -0.461993
148 175 -0.843533
148 181 0.246583
148 182 1.009664
149 155 -0.543751
150 154 -1.334085
152 153 -0.789027
152 158 -0.298475
154 158 0.791641
155 157 -1.007050
155 162 0.192077
155 167 -0.243969
157 160 -0.598257
157 162 -0.243969
160 162 0.246583
160 164 0.655376
161 171 -2.587718
162 164 -0.189464
162 167 -0.189464
162 168 0.682629
162 172 0.192077
163 169 -0.979798
163 173 -0.543751
163 180 -0.298475
163 181 -0.789027
163 182 -0.025946
163 186 -0.325728
163 194 0.682629
163 197 0.900652
163 202 -0.216717
164 165 0.137571
164 168 0.900652
164 170 2.971872
164 178 0.682629
164 183 -1.552108
166 175 -0.025946
167 172 0.301088
168 170 1.827251
168 172 2.590332
168 177 0.246583
168 187 0.818893
168 190 -0.434740
169 182 1.827251
170 178 0.546365
170 187 0.519112
170 189 -1.552108
170 190 -0.734521
172 174 -0.816280
172 181 -0.080452
172 190 -0.189464
172 194 -0.162211
172 205 -0.352981
173 180 -0.025946
173 186 1.609227
173 188 -1.606614
173 191 1.254940
173 199 1.309446
173 203 0.001307
174 176 -0.298475
174 181 -0.189464
175 176 -0.843533
175 181 0.628123
176 181 -0.543751
176 185 -0.053199
178 183 -1.116062
178 189 -1.552108
179 184 -0.516498
179 192 0.873399
180 186 -0.134958
181 182 -0.407487
181 185 -0.625510
181 194 -2.097166
181 197 0.110318
183 189 -1.497603
184 192 -0.025946
186 191 1.173181
187 190 -0.461993
189 190 -1.279579
192 195 1.336698
193 196 0.464606
193 198 -0.898039
193 200 0.437353
193 204 0.573617
194 197 -0.162211
194 205 1.282193
195 198 -0.489245
195 200 -1.334085
196 200 -0.080452
197 202 0.955158
198 200 -1.116062
199 200 -0.761774
199 201 -1.225074
199 203 -0.134958
200 201 -0.625510
200 204 0.192077
201 203 -1.661120
206 207 -1.061556
206 221 0.301088
206 224 -0.734521
207 208 -0.243969
207 219 -1.225074
208 209 0.083065
208 216 -0.025946
208 219 -0.162211
209 210 -1.225074
209 216 0.682629
209 222 -0.680016
209 223 1.118675
209 225 -0.080452
209 227 -1.088809
209 230 -0.352981
209 232 -0.189464
209 234 -1.116062
209 237 -1.715626
210 211 -1.279579
210 212 -1.225074
210 218 -1.279579
210 225 -1.552108
212 213 -1.606614
212 217 -0.380234
212 218 0.628123
213 214 0.491859
213 217 -1.906396
213 218 0.737135
214 215 -0.080452
214 218 0.519112
215 218 0.083065
215 223 -0.571004
216 219 0.437353
216 220 1.418457
216 222 -1.061556
216 227 0.301088
216 228 -0.080452
216 233 -0.053199
216 236 0.001307
216 238 -0.461993
217 218 -0.680016
218 223 -0.489245
218 225 0.246583
219 221 -0.461993
219 228 0.573617
219 235 -1.116062
221 224 1.881756
221 229 1.227687
221 235 -0.734521
222 227 -0.925292
223 225 0.573617
223 226 -1.088809
223 231 0.628123
223 232 -0.652763
223 237 0.464606
223 239 1.091422
223 241 0.301088
223 254 -1.988155
223 258 -0.598257
223 260 0.355594
223 262 0.846146
223 266 1.827251
223 267 -1.170568
224 229 1.609227
226 231 1.282193
227 230 -0.461993
227 233 -0.843533
227 246 -0.734521
228 235 -0.025946
228 236 -0.516498
229 235 -0.352981
229 245 -1.497603
230 234 -1.170568
230 240 0.791641
230 242 -0.516498
230 244 -0.680016
231 241 0.410100
233 235 0.873399
233 238 1.227687
233 246 0.846146
233 247 -0.189464
233 250 0.573617
234 237 0.246583
234 240 -0.134958
234 243 1.309446
235 236 0.028560
235 238 -1.443097
235 242 0.301088
235 245 0.437353
235 250 0.573617
235 256 -0.298475
235 257 0.846146
235 261 -0.680016
235 263 -1.116062
235 265 -1.443097
235 268 0.464606
235 271 -0.271222
235 272 -0.598257
235 275 -0.898039
235 278 -1.443097
235 280 -0.243969
235 282 -1.661120
235 285 -0.407487
235 286 -0.516498
235 287 -0.189464
235 288 0.355594
235 289 -0.107705
235 291 0.355594
235 292 -0.352981
235 293 -0.543751
235 294 0.900652
235 296 -1.007050
236 238 0.355594
237 239 0.737135
237 243 2.045274
237 248 0.791641
237 252 -0.652763
237 254 0.028560
240 242 0.137571
240 243 0.083065
242 243 2.372308
242 244 0.137571
242 247 0.137571
242 248 3.189895
242 249 0.192077
242 250 0.410100
242 251 1.772745
242 252 2.045274
242 253 1.309446
242 259 -0.952545
242 261 0.873399
242 264 0.791641
242 265 0.355594
242 268 0.791641
242 271 0.301088
243 248 1.718239
244 246 0.846146
244 247 -0.080452
244 249 0.709882
245 256 1.145928
246 247 -1.088809
247 249 1.173181
247 250 -0.407487
248 252 1.009664
250 257 1.227687
250 261 -1.116062
252 253 0.900652
252 254 -0.134958
252 255 -1.334085
252 264 -0.516498
252 270 0.328341
252 273 -0.298475
253 264 1.772745
254 255 -1.497603
255 258 -0.761774
255 260 0.846146
255 265 -0.243969
255 266 1.881756
255 273 1.609227
255 274 1.064170
255 276 0.028560
255 277 0.410100
255 283 0.301088
255 284 -0.407487
255 290 1.036917
257 261 -0.298475
258 260 1.718239
260 262 1.227687
260 266 1.718239
262 266 1.173181
263 272 -1.334085
264 265 -1.061556
264 269 -1.443097
264 270 -0.025946
264 277 1.064170
265 269 -0.461993
265 271 -0.434740
265 277 -1.088809
265 278 -1.061556
265 282 0.410100
265 290 0.110318
265 294 -0.189464
266 267 0.791641
266 274 -1.552108
266 281 -1.061556
269 277 -0.025946
270 273 1.064170
270 277 -0.189464
273 277 0.137571
274 276 -1.170568
274 281 -0.952545
274 283 -0.461993
275 279 -0.625510
276 283 -0.734521
277 290 0.410100
278 282 -0.625510
279 280 0.001307
280 286 -0.053199
280 293 -1.879143
281 283 -0.898039
282 288 1.118675
282 294 1.500216
283 284 -0.461993
285 288 0.246583
286 289 0.246583
286 293 -0.025946
287 289 -0.107705
288 294 0.192077
289 291 0.846146
289 293 0.818893
291 293 0.846146
292 293 0.083065
292 295 0.137571
292 296 -0.598257
293 295 0.301088
294 297 0.083065
295 296 -0.080452
298 299 -1.197821
298 309 -1.007050
298 314 2.699343
298 317 -0.843533
298 323 0.519112
299 300 -0.571004
299 309 -2.424201
300 301 -0.516498
300 309 0.846146
301 302 -0.162211
301 309 0.764388
301 315 1.173181
301 317 0.246583
301 319 0.028560
301 321 -0.734521
301 326 1.036917
301 327 2.862860
301 328 1.472963
301 330 0.410100
301 331 0.846146
301 333 1.173181
301 334 0.137571
301 335 0.301088
301 337 -0.352981
301 338 -0.134958
301 340 -0.680016
301 341 -0.189464
301 342 0.219330
301 345 1.282193
301 346 0.355594
301 349 1.173181
301 350 0.355594
301 351 0.164824
301 354 1.527469
301 358 0.982411
302 303 -1.552108
302 315 -0.461993
302 319 -0.898039
302 321 -1.061556
302 324 -0.734521
302 326 -0.243969
303 304 -0.898039
303 305 -0.952545
303 311 -0.080452
303 312 -0.707269
303 315 -0.680016
305 306 -0.189464
305 308 0.927905
305 311 0.137571
305 312 1.336698
306 307 0.083065
306 308 -0.134958
306 311 0.491859
307 310 -1.279579
307 311 1.445710
308 311 0.055812
309 317 -0.243969
310 311 0.083065
310 313 -1.061556
310 318 -0.843533
311 312 -0.134958
311 315 -0.025946
311 318 0.301088
311 320 -1.197821
311 322 1.227687
313 316 0.900652
314 323 3.080884
314 325 2.481320
315 322 1.854503
315 327 1.990768
316 318 0.846146
316 329 1.009664
317 323 -0.107705
317 332 -0.543751
317 339 0.028560
317 348 -0.107705
317 351 0.464606
317 352 -0.271222
318 320 -1.061556
318 329 0.682629
319 324 0.846146
319 330 0.573617
319 331 -0.571004
320 322 -0.543751
320 327 -0.761774
320 328 0.246583
320 329 0.137571
320 333 1.663733
320 336 0.628123
322 327 0.355594
323 325 -0.434740
323 332 -1.170568
324 326 -0.025946
324 330 -0.298475
326 330 1.500216
327 328 0.655376
328 333 0.737135
329 336 0.083065
331 335 -0.680016
331 337 0.273836
331 338 0.709882
332 339 0.573617
333 336 0.437353
333 342 -0.162211
333 343 -0.898039
333 344 -0.025946
333 347 -0.243969
334 335 0.628123
335 337 0.355594
336 344 0.791641
339 348 0.137571
341 342 -1.388591
341 345 0.573617
341 353 0.055812
341 354 -1.034303
341 367 -0.461993
341 368 -0.407487
341 370 2.971872
342 343 -1.170568
342 347 -0.734521
342 353 -0.352981
344 347 0.328341
345 354 1.827251
346 349 -0.352981
346 350 0.600870
347 353 -0.325728
347 356 0.083065
347 357 -0.352981
347 359 -1.061556
347 361 -0.407487
347 364 -0.298475
348 352 -0.625510
349 350 1.282193
351 352 1.200434
351 355 -0.352981
351 358 -0.707269
351 360 1.391204
351 366 -0.571004
351 374 0.083065
351 384 -0.298475
351 385 1.554722
351 389 0.301088
351 390 -0.434740
351 391 0.164824
351 392 -0.843533
351 393 0.628123
351 395 -1.034303
352 355 -1.116062
352 373 0.737135
352 379 -0.652763
352 384 1.554722
352 385 -0.352981
353 357 0.464606
353 363 0.846146
353 370 0.355594
354 358 -0.516498
354 365 -0.952545
354 367 -0.707269
354 368 0.273836
354 371 -0.707269
355 366 -0.516498
357 359 -0.271222
357 362 1.472963
357 363 1.227687
358 365 -1.960902
358 367 -0.407487
358 374 0.301088
358 387 0.382847
358 396 0.192077
358 401 1.309446
359 362 -0.789027
359 372 -1.988155
359 375 -0.407487
361 364 1.636480
362 363 -0.352981
362 369 -0.571004
362 372 1.009664
363 367 0.573617
363 369 0.682629
363 370 2.072527
363 376 0.737135
363 380 2.045274
363 397 0.055812
363 399 0.028560
365 367 0.028560
367 370 0.573617
367 371 0.355594
367 381 0.001307
367 387 1.009664
367 397 1.772745
368 371 -0.025946
369 372 -1.306832
369 376 -0.898039
369 377 -1.116062
369 378 -0.898039
372 375 -0.189464
372 377 0.464606
373 379 1.581974
374 393 0.846146
375 377 -1.770131
376 377 -1.116062
376 378 -1.633867
376 383 -0.571004
376 399 1.173181
377 378 -0.625510
377 383 -0.952545
379 382 1.500216
379 385 0.410100
379 386 -0.025946
379 388 0.355594
381 387 0.927905
381 396 -0.571004
381 397 1.745492
381 398 -1.497603
382 386 0.955158
382 388 -0.734521
382 400 0.846146
384 385 0.055812
384 390 1.091422
385 388 0.301088
385 390 2.208791
387 396 1.309446
388 390 2.699343
388 402 1.881756
389 391 -0.080452
390 392 -0.298475
390 394 -0.162211
390 402 1.772745
391 392 -0.571004
391 394 -0.080452
391 395 -0.189464
392 394 -0.952545
393 401 -0.516498
394 395 -0.080452
394 402 1.554722
396 398 0.164824
397 398 -0.625510
403 404 1.282193
403 415 0.818893
403 419 0.164824
404 405 -1.661120
404 415 0.600870
405 406 -1.388591
405 414 -1.715626
405 415 1.009664
406 407 0.219330
406 414 0.028560
407 408 -0.734521
407 414 0.083065
407 424 -1.143315
407 425 0.055812
407 432 -0.107705
407 433 -0.298475
407 434 -0.243969
408 409 -0.952545
408 410 -1.061556
408 422 -0.652763
408 424 -0.571004
408 426 -1.170568
408 430 -1.715626
408 431 -1.661120
410 411 0.192077
410 412 -0.516498
410 417 -1.415844
410 418 0.464606
410 422 -1.715626
412 413 -0.243969
412 417 -0.243969
412 418 0.410100
413 416 0.083065
413 417 0.546365
414 415 -1.742879
414 420 -1.688373
414 421 0.164824
414 425 -1.170568
415 419 1.064170
415 420 -1.061556
415 421 1.227687
415 425 -1.225074
415 429 -0.571004
415 443 -1.007050
416 417 -0.189464
416 423 -0.952545
416 428 0.464606
417 418 -0.571004
417 422 1.309446
417 427 0.955158
417 431 1.636480
417 435 0.028560
417 440 0.328341
417 442 2.208791
417 445 0.137571
420 421 0.246583
421 425 -1.742879
422 431 -0.434740
423 428 -0.461993
423 444 0.001307
423 447 0.410100
424 426 -1.061556
424 433 -1.470350
424 437 -0.543751
424 438 -1.470350
424 446 -0.325728
424 448 1.581974
425 433 -1.061556
425 434 -1.116062
425 437 1.200434
425 443 -0.134958
425 451 -0.680016
425 456 0.382847
425 459 -0.325728
425 461 0.083065
425 462 -0.516498
426 430 -1.988155
426 436 -0.162211
426 438 -0.734521
427 428 0.573617
427 435 -0.734521
428 435 0.382847
428 444 0.573617
429 443 -1.306832
430 431 -0.080452
430 436 0.737135
430 439 0.273836
431 439 0.028560
431 441 0.546365
431 442 0.410100
432 433 1.282193
432 434 0.628123
433 434 1.036917
433 437 1.854503
435 440 0.301088
435 444 0.028560
436 438 -0.134958
436 439 -0.952545
436 441 0.028560
437 446 1.363951
437 448 0.573617
437 449 0.955158
437 451 1.336698
438 441 0.846146
438 448 0.301088
439 441 -1.879143
440 444 -0.134958
440 445 0.028560
440 450 -0.625510
441 442 1.009664
441 445 0.955158
441 448 -0.407487
441 451 0.083065
441 452 -0.134958
441 453 -0.761774
441 454 0.737135
441 458 0.737135
441 461 0.001307
441 463 -0.352981
441 465 0.355594
441 468 -1.061556
441 474 -0.325728
442 445 1.636480
443 459 1.173181
444 447 1.391204
444 450 -0.025946
444 455 0.137571
444 457 0.818893
444 460 0.464606
445 450 -1.988155
445 453 -1.824637
446 448 -0.761774
447 455 0.301088
448 449 0.355594
448 452 0.900652
449 451 -0.080452
449 452 1.990768
450 453 -1.116062
450 457 0.110318
450 475 0.464606
450 476 0.573617
451 452 0.737135
451 456 0.137571
451 462 -0.080452
451 465 -1.197821
453 454 -2.178925
453 463 -0.243969
453 464 0.573617
453 469 -0.925292
453 476 0.219330
453 478 -0.598257
453 481 -0.134958
453 482 0.192077
454 458 0.301088
454 463 1.282193
454 464 0.410100
455 460 0.737135
456 462 -0.461993
457 460 1.663733
457 466 -0.898039
457 470 0.028560
457 475 1.009664
457 484 -0.189464
459 461 -0.243969
460 466 1.227687
461 462 -0.707269
461 465 -1.007050
461 467 -0.952545
461 468 -1.443097
461 474 -0.325728
461 479 -0.625510
461 485 -0.407487
461 489 0.192077
461 493 0.164824
461 494 -0.734521
461 495 0.083065
461 497 -0.134958
461 498 -0.789027
461 500 -1.088809
461 501 -1.606614
461 502 -1.279579
461 504 -1.334085
462 465 0.028560
463 464 1.718239
463 468 -0.571004
463 471 -1.524855
463 478 0.873399
466 470 1.663733
466 472 0.219330
466 473 0.737135
467 479 -0.843533
468 471 -0.298475
468 478 0.846146
468 483 -0.080452
468 485 -0.080452
468 492 0.410100
468 496 0.192077
468 505 1.064170
470 473 0.628123
470 477 -0.680016
470 480 -0.407487
470 484 0.655376
470 487 1.009664
471 478 1.827251
472 473 0.246583
473 477 -0.298475
473 486 1.391204
475 476 0.573617
475 484 0.464606
475 488 1.391204
476 481 0.137571
476 483 -0.352981
476 488 1.009664
477 480 -0.816280
477 486 -1.007050
477 487 -0.707269
478 482 -0.380234
478 483 -1.225074
480 487 -1.633867
481 482 0.955158
481 483 0.083065
482 483 -0.025946
483 488 -0.461993
483 490 -0.216717
483 491 -0.843533
483 496 0.464606
484 488 0.655376
484 491 0.410100
484 508 -1.061556
485 492 -0.189464
485 502 -1.661120
486 487 -1.061556
488 491 -0.025946
489 493 -0.080452
489 495 0.519112
489 499 1.282193
491 496 -0.789027
491 505 -0.134958
491 507 -0.734521
491 508 1.173181
493 495 0.246583
494 495 -0.898039
494 500 1.609227
494 503 0.192077
494 510 2.208791
495 499 -0.134958
496 505 -0.352981
496 506 0.083065
497 498 0.219330
497 501 -0.761774
497 503 -0.298475
497 504 -0.243969
499 509 -0.489245
500 501 -1.606614
500 503 -0.352981
501 503 -0.189464
503 504 -1.088809
505 506 0.219330
505 507 -0.707269
507 508 -1.770131
511 512 0.846146
511 519 0.955158
512 513 0.546365
512 519 0.737135
512 523 1.909009
512 534 0.301088
513 514 0.628123
513 524 -0.489245
513 526 0.709882
513 535 -0.761774
513 536 0.246583
514 515 0.055812
514 524 -0.598257
514 525 0.573617
514 527 0.764388
514 529 0.628123
514 530 -0.189464
514 531 -0.298475
514 533 -1.388591
515 516 -0.189464
515 517 -0.598257
515 521 0.382847
515 522 -1.606614
515 525 -0.080452
517 518 0.600870
517 521 0.791641
518 520 0.164824
518 522 -0.134958
519 523 1.064170
520 522 0.028560
520 528 -0.025946
520 532 0.846146
520 537 2.699343
520 540 3.571436
521 522 -0.434740
522 525 0.001307
522 530 1.772745
522 532 1.690986
522 537 1.445710
522 539 1.772745
522 545 1.799998
523 534 2.426814
524 531 -1.007050
524 536 1.282193
524 542 1.663733
524 546 -0.134958
524 548 -0.380234
525 527 0.519112
525 530 0.301088
526 535 0.437353
527 530 0.955158
528 540 3.189895
528 541 0.955158
528 552 1.581974
529 530 -1.770131
529 533 -1.170568
530 533 0.791641
530 539 0.791641
531 533 0.682629
531 538 0.355594
531 543 0.573617
531 546 -0.461993
531 547 -0.243969
532 537 2.263297
533 538 0.737135
533 539 1.336698
533 544 1.118675
534 535 -0.598257
534 549 0.410100
535 536 0.028560
535 539 -0.107705
535 542 0.355594
535 549 1.500216
535 555 0.355594
535 566 0.355594
535 567 0.083065
535 571 0.301088
535 574 0.083065
535 576 -0.571004
535 583 -0.189464
535 587 2.917366
535 588 2.426814
535 590 1.145928
535 593 0.301088
535 596 0.519112
535 598 -0.134958
535 602 1.036917
535 603 0.192077
535 604 -0.080452
536 542 1.227687
537 540 1.173181
537 545 1.200434
538 539 0.573617
538 543 0.301088
538 547 1.173181
539 544 1.145928
539 545 0.573617
539 547 1.772745
539 548 0.192077
539 551 1.036917
539 553 1.581974
539 556 -0.461993
539 557 -0.407487
539 561 1.118675
539 562 1.173181
539 571 1.173181
539 573 1.091422
539 576 0.737135
540 541 0.464606
540 545 0.818893
541 545 -0.571004
541 552 0.355594
541 558 -0.189464
541 560 1.227687
541 564 2.072527
541 565 0.791641
541 568 0.301088
541 570 0.083065
542 548 0.791641
542 559 1.936262
542 566 -0.352981
543 547 0.573617
545 550 0.927905
545 551 -0.243969
545 554 -0.461993
545 556 -1.279579
545 558 -1.988155
545 560 -1.225074
546 547 0.110318
546 548 0.818893
547 548 0.737135
547 553 0.328341
548 553 1.581974
548 557 0.273836
548 559 0.246583
548 566 0.546365
548 571 -0.516498
549 555 1.500216
551 556 -1.443097
552 563 -0.625510
554 556 0.955158
554 560 -2.751236
555 567 0.519112
556 560 -0.461993
556 562 -1.197821
556 572 0.028560
556 576 0.437353
556 577 -1.252326
556 580 -0.025946
556 582 0.028560
556 584 -0.216717
556 585 -0.189464
558 560 -1.170568
559 566 0.791641
560 564 0.791641
560 568 -0.243969
560 570 -0.407487
560 575 0.982411
560 578 1.118675
560 580 0.464606
560 581 0.382847
560 584 -1.334085
560 585 0.410100
560 591 -0.598257
560 592 0.846146
560 597 0.818893
560 600 0.355594
560 601 1.282193
560 605 0.219330
560 606 0.491859
560 608 1.418457
561 562 0.028560
562 569 0.737135
562 573 1.718239
563 565 0.028560
563 568 1.609227
565 568 -0.080452
566 571 0.001307
568 570 0.246583
568 575 -0.352981
569 572 -0.516498
569 573 1.663733
572 573 2.208791
572 576 2.999125
573 576 1.554722
574 583 0.028560
575 578 1.118675
575 579 1.500216
576 582 0.219330
576 585 -0.243969
576 590 2.072527
578 579 1.091422
578 581 0.437353
579 581 2.154285
579 586 0.110318
579 589 2.045274
580 584 -1.116062
581 586 -0.625510
581 591 -0.271222
582 585 -0.325728
584 585 0.028560
585 590 1.581974
585 595 -0.516498
585 597 -0.461993
585 600 0.628123
586 589 0.164824
586 591 -0.789027
586 592 -0.134958
587 588 2.699343
588 593 1.036917
588 594 2.045274
589 592 -0.407487
590 598 0.900652
590 600 1.854503
590 603 1.718239
590 607 0.846146
591 592 -1.443097
592 601 0.464606
593 594 0.464606
593 596 0.655376
593 599 0.682629
594 599 -0.053199
594 610 -0.025946
595 600 1.064170
596 599 -0.407487
596 602 0.737135
597 600 0.464606
598 603 -0.461993
600 606 0.192077
600 607 0.682629
602 604 -0.625510
603 607 -0.898039
605 608 1.064170
605 609 1.091422
606 608 1.282193
606 609 -0.407487
608 609 1.663733
611 612 0.273836
612 613 1.418457
612 621 -0.271222
612 622 -0.162211
612 625 0.164824
613 614 -1.170568
613 621 0.519112
613 627 -0.680016
613 629 -0.407487
613 636 0.628123
613 637 1.336698
614 615 -0.952545
614 616 -1.661120
614 617 0.764388
614 620 1.009664
614 627 -1.061556
614 628 -1.524855
614 630 -0.898039
614 631 -1.334085
614 634 -1.770131
616 617 1.118675
616 623 -1.606614
617 618 -0.461993
617 620 0.410100
617 623 -0.298475
618 619 -0.080452
618 620 -0.543751
619 620 -0.298475
619 624 -0.407487
620 624 -0.025946
620 628 0.873399
620 630 -1.279579
620 631 0.709882
620 634 -0.134958
620 638 0.219330
620 640 1.145928
620 643 -0.843533
620 644 0.900652
620 645 -0.407487
620 649 -0.162211
620 650 0.410100
620 651 -0.843533
620 653 0.628123
620 654 0.246583
620 655 -0.652763
620 664 1.064170
620 665 1.772745
620 666 0.301088
620 668 0.846146
620 670 1.282193
620 672 -0.080452
621 625 0.192077
621 629 -0.461993
621 635 -1.116062
622 625 1.363951
622 626 0.246583
624 632 -0.298475
624 639 0.900652
624 640 1.091422
624 641 1.227687
624 646 0.791641
625 626 1.145928
625 633 -0.352981
625 635 0.137571
626 633 0.791641
626 635 -1.497603
626 642 0.301088
627 630 -1.143315
627 635 -0.025946
627 637 0.246583
627 643 -0.298475
627 645 -0.298475
627 649 -0.407487
627 652 2.045274
628 631 -0.352981
629 635 -0.080452
629 636 0.573617
630 634 0.246583
630 638 -0.734521
630 643 -0.461993
631 634 -0.516498
632 639 1.009664
632 641 0.382847
632 646 1.745492
633 635 -0.625510
634 638 -0.080452
635 636 -0.843533
635 637 0.301088
635 642 -0.789027
635 647 -0.461993
635 649 2.045274
635 652 1.472963
635 654 1.881756
635 657 2.154285
635 662 0.137571
635 663 -0.598257
635 665 0.273836
635 666 0.028560
636 637 1.009664
639 641 -0.189464
640 644 1.363951
640 648 1.282193
641 646 0.682629
642 647 -0.352981
643 645 0.028560
644 648 1.091422
644 651 -0.625510
644 656 1.391204
644 658 -1.170568
645 649 -1.279579
646 648 0.273836
646 656 0.301088
646 659 -1.443097
646 660 1.309446
646 661 0.137571
647 663 0.519112
648 656 1.881756
649 652 -0.107705
649 654 0.355594
650 651 -1.034303
650 655 -2.315189
651 655 -2.424201
651 658 -1.116062
652 654 0.246583
654 657 0.546365
654 662 1.173181
654 665 -0.025946
655 658 -1.824637
655 664 -1.007050
655 668 0.410100
655 672 -0.216717
655 675 1.009664
655 677 -0.407487
655 681 -1.334085
656 658 0.628123
656 659 -0.216717
658 659 0.137571
658 667 0.328341
659 661 0.491859
659 667 0.464606
659 669 0.791641
659 674 1.554722
659 675 1.336698
659 680 1.200434
659 681 0.791641
659 683 1.363951
659 689 -0.134958
659 695 0.519112
659 698 0.137571
659 704 1.036917
659 705 0.737135
659 708 1.118675
660 661 1.391204
661 669 1.227687
661 671 1.500216
662 665 -0.516498
663 666 0.355594
665 666 -0.680016
666 672 -0.707269
666 673 0.955158
666 679 0.083065
666 681 -1.279579
666 684 1.936262
666 685 -0.298475
666 690 0.301088
666 697 -1.388591
666 701 -0.516498
668 670 1.663733
668 672 0.355594
669 671 0.846146
669 674 1.336698
669 676 0.164824
669 686 0.873399
669 687 -0.189464
669 688 -0.952545
670 672 0.737135
671 676 -0.789027
671 678 0.628123
671 682 0.846146
672 681 -0.243969
673 679 0.192077
673 685 -0.243969
674 688 -1.116062
674 695 0.328341
674 704 0.328341
675 677 -0.352981
675 680 1.091422
675 681 1.282193
675 683 0.846146
676 678 0.437353
676 687 1.227687
677 681 0.001307
678 682 -0.352981
678 687 -0.243969
679 685 -0.298475
680 683 0.764388
681 683 1.173181
681 689 -1.170568
681 692 -0.352981
681 698 0.927905
682 687 1.309446
684 685 1.227687
684 691 -0.298475
685 693 0.955158
685 694 -0.516498
685 696 0.219330
685 697 1.718239
685 700 0.028560
686 688 -0.734521
687 688 -1.388591
690 692 0.546365
690 701 1.118675
690 702 0.219330
691 694 -1.034303
691 699 0.083065
692 698 -0.516498
692 702 -0.434740
693 694 0.137571
693 696 -0.080452
693 703 -1.388591
693 706 1.772745
694 699 -1.061556
695 704 1.009664
696 700 0.682629
696 703 0.192077
697 700 0.737135
697 701 1.609227
697 703 0.246583
697 707 -0.680016
698 702 -1.715626
698 705 0.519112
701 702 -0.298475
701 709 -3.023765
702 705 0.600870
702 709 0.682629
704 708 0.410100
705 708 1.500216
710 711 -1.007050
710 712 -0.652763
710 720 -1.061556
711 712 0.219330
712 713 -1.061556
712 720 -2.369695
712 723 -0.843533
712 724 -0.652763
712 726 -0.461993
713 714 -0.843533
713 719 -0.025946
713 723 -0.925292
713 724 -0.680016
713 729 -0.789027
713 736 -0.625510
714 715 -1.088809
714 716 0.083065
714 719 -0.898039
714 727 0.573617
714 728 -0.761774
714 730 -0.789027
714 731 -1.661120
714 734 -0.925292
714 735 -1.306832
716 717 -0.898039
716 722 -0.571004
716 727 2.208791
716 730 -0.707269
717 718 -0.080452
717 721 1.554722
717 722 0.246583
718 721 0.410100
718 722 -1.116062
719 728 0.682629
719 729 -0.352981
720 726 0.682629
721 722 1.745492
722 725 -0.080452
722 728 -1.061556
722 730 0.083065
722 733 -1.225074
722 734 -0.134958
722 736 0.328341
722 737 -1.988155
722 739 -1.552108
722 740 0.137571
722 741 0.573617
722 743 1.718239
722 744 1.609227
722 747 -0.870786
722 748 -0.407487
722 750 0.410100
722 752 -2.151672
722 753 -0.134958
722 754 -0.680016
722 755 -0.434740
722 756 -1.470350
722 757 0.110318
722 758 -0.734521
722 760 -0.516498
722 761 0.682629
722 762 0.137571
722 764 -1.334085
722 767 -0.134958
722 768 -0.516498
722 769 -0.734521
722 770 -0.543751
722 771 0.355594
722 772 1.064170
722 773 1.418457
722 774 1.772745
722 775 0.083065
722 776 -0.243969
722 777 -0.625510
722 778 -0.952545
722 779 0.246583
722 780 -0.789027
722 782 1.445710
722 783 2.236044
722 784 1.173181
722 786 0.192077
722 787 0.301088
722 793 -0.761774
722 794 0.192077
722 795 0.437353
722 797 -0.461993
722 800 0.927905
722 804 -0.734521
723 724 0.355594
724 726 0.137571
724 736 -1.061556
725 733 -0.816280
725 737 -0.325728
725 741 0.055812
725 751 -0.952545
726 732 -1.170568
726 736 -0.243969
726 738 1.445710
727 730 -0.734521
728 729 -1.661120
728 731 -0.162211
728 736 -0.734521
728 744 0.818893
728 747 -0.189464
728 752 -1.116062
728 760 0.519112
728 768 -0.434740
729 736 -1.252326
730 734 0.137571
730 740 0.927905
731 735 -1.088809
731 742 0.737135
731 744 0.328341
732 738 -0.243969
734 735 -0.162211
734 740 -0.025946
734 744 -0.080452
735 742 0.846146
735 744 -1.906396
736 738 -2.097166
736 746 2.208791
736 749 0.110318
736 760 0.873399
736 763 0.628123
736 764 0.818893
736 769 -0.680016
737 739 0.791641
737 741 -0.134958
738 749 -0.407487
739 741 1.009664
739 745 0.655376
741 745 2.154285
741 748 -0.352981
741 754 0.573617
741 759 -0.680016
741 762 -1.116062
742 744 1.064170
744 747 0.955158
748 754 3.135389
749 763 0.355594
750 755 -0.298475
753 755 0.273836
753 756 0.519112
755 756 -0.516498
755 757 -1.715626
755 761 -0.870786
755 765 0.873399
755 773 0.164824
756 761 -0.107705
756 765 0.955158
757 758 0.083065
757 767 0.028560
759 762 -0.380234
760 768 -0.543751
761 765 1.200434
762 766 -0.571004
763 764 -0.680016
764 769 0.410100
771 772 -0.516498
771 775 -0.734521
772 775 -0.789027
772 781 -1.606614
772 785 -0.680016
775 776 -1.879143
775 779 -0.789027
775 781 -1.552108
775 785 -1.824637
777 778 -1.007050
777 783 -1.007050
778 783 -0.843533
779 784 -0.461993
779 785 -2.233431
779 787 -1.933649
780 804 1.554722
781 785 -1.279579
782 783 0.137571
782 788 -0.380234
782 789 -1.824637
783 789 -2.151672
783 790 0.519112
783 791 -0.870786
783 792 0.628123
783 794 1.391204
783 796 0.519112
784 787 -0.707269
785 787 -1.306832
787 793 0.301088
788 789 1.772745
789 791 -2.369695
789 799 -2.805741
789 801 -1.443097
789 802 -2.424201
790 791 -0.898039
790 792 1.854503
790 796 -0.434740
790 798 -0.680016
791 792 0.573617
791 801 -1.116062
791 802 -1.497603
794 796 1.254940
794 797 0.955158
794 798 1.227687
795 797 -0.243969
796 798 0.137571
797 798 0.410100
797 803 -0.898039
799 801 1.227687
801 802 -1.770131
0 97 2.025901
0 107 -0.254329
1 97 -0.220133
1 98 0.027170
1 99 -0.257506
1 108 -0.244714
2 98 -0.255919
2 99 -0.231702
3 98 -0.259090
3 99 0.099805
3 108 2.219188
3 109 0.271663
3 116 -0.191305
3 127 -0.251138
4 99 147.413159
4 100 -0.157823
4 103 -0.257506
4 111 -0.157823
4 119 -0.206697
4 121 -0.255919
4 122 -0.213444
4 124 -0.255919
4 126 -0.225112
4 133 -0.254329
5 99 2.019447
6 100 3.340783
6 101 -0.254329
6 102 -0.243100
6 103 -0.230060
6 104 -0.154219
6 111 -0.252735
7 100 -0.247933
7 101 -0.206697
8 102 0.095118
8 103 -0.255919
8 106 -0.257506
9 102 -0.257506
9 103 0.476668
9 105 -0.062938
9 110 -0.208389
9 112 -0.215121
9 113 -0.230060
10 97 -0.257506
10 98 -0.201599
10 107 3.788767
10 108 -0.203302
10 115 -0.249537
10 118 -0.230060
10 123 -0.249537
11 103 -0.236608
11 104 -0.228414
11 106 -0.243100
12 102 -0.254329
12 106 -0.231702
13 105 -0.054901
13 113 -0.244714
13 114 -0.226765
13 119 -0.244714
14 97 -0.241482
14 115 -0.247933
15 103 -0.206697
15 112 -0.257506
16 105 -0.226765
16 114 0.040413
17 97 -0.249537
17 115 -0.154219
18 108 -0.187844
18 118 0.014094
18 128 -0.251138
19 99 -0.255919
19 116 -0.050856
19 129 -0.259090
19 139 -0.252735
20 103 -0.198182
20 111 -0.255919
21 107 -0.216795
21 115 -0.257506
21 117 -0.173852
22 99 -0.236608
22 116 0.505319
22 120 -0.187844
22 135 -0.254329
23 105 -0.246325
23 114 0.106872
23 119 1.382305
23 140 -0.210077
23 142 -0.243100
23 143 -0.257506
24 107 -0.201599
24 115 -0.148784
24 117 -0.236608
24 118 -0.194751
24 123 147.413159
24 127 -0.236608
24 128 -0.206697
24 129 -0.137809
24 131 -0.121080
24 134 -0.246325
24 150 -0.254329
24 154 -0.166766
24 158 -0.201599
24 161 -0.088591
24 171 0.060600
24 173 0.027170
24 179 -0.254329
24 184 -0.251138
24 188 -0.156023
24 195 -0.259090
25 99 -0.236608
25 120 0.373266
25 125 -0.154219
25 126 -0.231702
25 131 -0.246325
26 103 -0.236608
26 111 -0.226765
26 119 -0.243100
26 121 -0.241482
27 116 -0.215121
27 129 -0.221796
28 122 -0.238236
28 124 -0.205001
29 108 -0.241482
29 127 -0.231702
29 128 -0.126692
30 127 -0.015771
30 129 -0.234976
30 134 -0.220133
31 124 0.355785
31 130 -0.182625
31 132 0.808739
31 140 -0.161412
31 149 -0.246325
32 124 -0.179127
32 126 0.514992
32 132 -0.247933
32 141 -0.255919
33 125 -0.201599
33 126 -0.246325
33 131 -0.206697
33 136 -0.257506
34 116 -0.257506
34 129 0.047099
34 135 -0.251138
34 139 -0.239861
34 144 -0.218466
35 126 -0.213444
35 131 -0.239861
35 132 -0.172086
35 136 -0.098269
35 138 0.293571
35 141 -0.243100
35 146 -0.255919
36 124 -0.259090
36 130 -0.017870
36 133 -0.236608
36 140 -0.251138
37 120 -0.257506
37 131 -0.220133
37 135 -0.201599
37 139 -0.236608
38 119 -0.252735
38 130 -0.257506
38 133 -0.251138
38 140 3.578787
38 147 -0.251138
38 151 -0.255919
38 157 -0.239861
39 115 -0.220133
39 123 -0.230060
39 137 -0.007329
40 131 69.871787
40 136 -0.252735
40 146 -0.251138
40 148 -0.072889
40 163 -0.078808
40 173 -0.233341
41 131 -0.241482
41 135 0.024979
41 139 -0.257506
41 145 -0.234976
42 131 -0.259090
42 136 -0.146964
42 146 -0.259090
43 114 -0.255919
43 140 -0.254329
43 143 0.062867
43 147 1.856391
43 151 -0.239861
43 157 0.347128
43 159 -0.247933
43 160 -0.226765
43 162 -0.239861
43 164 -0.249537
43 165 -0.244714
44 114 -0.247933
44 142 -0.241482
45 131 -0.098269
45 135 -0.206697
45 144 -0.068921
45 152 0.611766
45 153 -0.244714
46 114 -0.257506
46 147 -0.198182
47 123 -0.143314
47 137 -0.251138
47 156 -0.092474
48 144 -0.233341
49 132 -0.259090
49 146 20.120082
49 148 -0.255919
49 149 -0.221796
49 155 -0.019965
49 167 -0.194751
49 172 -0.246325
49 174 -0.233341
49 176 -0.044757
49 181 -0.257506
50 140 -0.259090
50 149 -0.201599
50 155 -0.213444
50 157 -0.146964
51 123 -0.259090
51 144 -0.206697
51 150 -0.233341
51 154 -0.186108
51 158 -0.259090
52 146 -0.150599
52 148 1.943065
52 166 -0.203302
52 175 -0.225112
52 181 -0.255919
53 149 -0.259090
53 155 0.577716
53 157 -0.230060
53 162 -0.179127
54 131 -0.241482
54 144 -0.241482
54 152 -0.241482
54 154 -0.247933
54 158 0.027170
55 146 -0.139648
55 148 -0.094410
56 123 -0.225112
56 154 -0.255919
57 123 0.029365
57 161 5.928612
57 171 -0.254329
58 155 -0.254329
58 160 -0.234976
58 162 2.288663
58 164 -0.201599
58 168 -0.074866
58 172 -0.246325
59 148 -0.210077
60 148 -0.215121
60 163 22.904456
60 169 -0.228414
60 181 -0.128555
60 182 -0.239861
60 186 -0.251138
60 194 -0.249537
60 197 -0.159619
60 202 -0.196469
60 205 -0.259090
61 147 -0.233341
61 164 1.645057
61 165 -0.187844
61 168 -0.201599
61 170 -0.231702
61 178 -0.239861
61 183 -0.236608
61 189 -0.252735
62 131 -0.168543
63 165 -0.225112
64 146 -0.191305
65 131 0.078872
65 173 -0.238236
66 148 -0.228414
66 169 -0.191305
66 182 -0.244714
67 162 -0.220133
67 167 -0.252735
68 168 0.296336
68 170 -0.161412
68 172 0.090452
68 177 -0.216795
68 187 -0.130413
68 190 -0.024141
69 163 -0.193030
69 173 -0.186108
69 180 -0.184369
69 186 -0.115432
69 191 0.062867
70 146 -0.252735
70 175 -0.246325
70 176 -0.234976
71 172 -0.213444
71 174 -0.213444
71 181 -0.244714
72 162 -0.255919
72 167 -0.257506
72 172 -0.208389
73 123 0.102156
73 131 -0.076839
73 173 0.250125
73 199 -0.152411
74 168 -0.228414
75 170 -0.107845
75 178 -0.226765
75 189 -0.236608
76 163 0.111609
76 173 1.073591
76 180 -0.246325
76 186 5.958263
76 191 -0.228414
77 123 -0.247933
77 179 -0.163200
77 184 -0.233341
78 172 -0.246325
78 181 2.528744
78 185 -0.223456
78 194 -0.257506
78 197 -0.257506
79 172 -0.216795
80 181 -0.205001
81 183 -0.122955
81 189 0.928390
82 162 -0.259090
82 172 0.812606
83 170 -0.252735
83 189 0.145340
83 190 1.480939
84 123 -0.228414
84 179 -0.251138
84 184 -0.257506
84 192 -0.019965
84 195 1.095847
84 198 -0.244714
84 200 -0.143314
85 123 -0.216795
85 193 -0.241482
86 123 -0.157823
86 193 0.867607
86 196 -0.211762
86 199 -0.241482
86 200 -0.218466
86 201 -0.247933
86 204 -0.255919
87 172 -0.157823
87 194 -0.050856
88 123 -0.249537
88 193 -0.254329
88 198 -0.239861
89 181 -0.259090
89 194 0.060600
89 197 0.109238
89 205 -0.215121
90 173 -0.193030
90 199 0.038194
90 203 -0.249537
91 193 -0.170317
91 199 -0.230060
91 200 0.924277
91 201 -0.238236
91 204 -0.216795
92 199 -0.161412
92 201 0.733126
92 203 -0.199893
93 173 -0.146964
93 203 0.053828
94 172 -0.210077
94 194 -0.246325
94 205 -0.159619
95 163 0.074275
96 190 -0.225112
97 206 2.071467
97 207 -0.210077
97 221 -0.249537
97 224 -0.259090
98 207 -0.236608
98 208 0.024979
98 216 -0.254329
98 219 -0.233341
99 209 147.413159
99 210 -0.249537
99 216 0.016262
99 220 -0.255919
99 222 -0.247933
99 223 0.069697
99 225 -0.257506
99 227 -0.236608
99 230 -0.216795
99 232 -0.228414
99 234 -0.244714
99 237 -0.187844
100 209 -0.241482
100 210 3.955192
100 211 -0.257506
100 225 -0.257506
101 210 -0.255919
101 211 -0.215121
102 210 -0.254329
102 212 -0.243100
102 213 0.024979
102 217 -0.239861
102 218 -0.249537
103 212 -0.249537
103 213 -0.236608
103 214 -0.213444
103 215 -0.243100
103 217 -0.254329
103 218 0.816480
103 225 -0.259090
104 210 -0.252735
104 212 -0.145141
104 218 -0.257506
105 215 0.266244
105 218 -0.244714
105 223 -0.236608
106 212 -0.241482
106 217 -0.223456
107 207 -0.243100
107 219 2.604899
107 221 0.071983
107 235 -0.251138
108 208 -0.251138
108 216 2.402954
108 219 -0.236608
108 220 -0.236608
108 228 -0.228414
108 236 -0.220133
109 216 -0.205001
109 220 0.121144
110 215 -0.221796
110 218 -0.255919
111 218 -0.254329
111 225 -0.105938
112 218 -0.199893
113 215 -0.238236
113 218 -0.226765
114 215 -0.236608
114 223 0.069697
114 226 -0.236608
114 231 -0.109748
114 241 -0.122955
115 221 -0.228414
115 224 -0.238236
115 229 0.005470
115 245 -0.244714
116 216 -0.210077
116 222 -0.226765
116 227 0.920173
116 233 -0.189576
117 221 -0.159619
117 229 -0.246325
118 216 -0.252735
118 219 -0.218466
118 228 0.029365
118 235 -0.238236
119 215 -0.259090
119 218 -0.255919
119 223 1.814016
120 227 -0.189576
120 230 0.390972
121 218 -0.259090
121 223 -0.247933
121 225 -0.254329
122 223 -0.220133
122 232 -0.238236
123 219 -0.252735
123 229 -0.236608
123 235 147.413159
123 245 -0.105938
123 256 -0.163200
123 263 -0.068921
123 272 0.001185
123 275 -0.244714
123 279 -0.257506
123 280 -0.251138
123 291 -0.255919
124 223 0.508536
124 237 -0.231702
124 239 -0.199893
125 230 -0.223456
125 234 -0.230060
125 240 -0.186108
125 242 -0.257506
126 223 -0.259090
126 234 -0.243100
126 237 0.851724
126 243 -0.249537
127 233 -0.244714
127 235 -0.236608
127 236 -0.255919
127 238 0.011931
128 228 -0.251138
128 235 -0.225112
128 236 -0.102112
129 233 0.228953
129 235 -0.239861
129 238 -0.213444
130 223 0.078872
130 237 -0.226765
131 230 -0.257506
131 235 0.140459
131 242 56.613666
131 243 -0.259090
131 244 0.092783
131 247 -0.244714
131 249 -0.228414
131 250 -0.213444
131 251 -0.234976
131 259 -0.187844
131 261 -0.241482
131 265 -0.257506
131 268 -0.166766
131 271 -0.054901
132 223 -0.218466
132 237 0.847775
132 252 -0.234976
133 223 -0.213444
134 233 -0.259090
134 235 -0.251138
134 238 -0.220133
135 227 -0.247933
135 230 -0.230060
135 233 -0.221796
135 244 -0.255919
135 246 -0.252735
135 247 -0.011559
135 250 -0.230060
136 242 -0.070907
136 243 -0.164985
136 248 -0.252735
137 229 -0.257506
137 245 0.005470
138 237 0.062867
138 242 -0.255919
138 243 -0.259090
138 248 -0.173852
138 252 -0.254329
139 227 -0.257506
139 233 -0.234976
139 246 -0.230060
140 223 4.062132
140 237 -0.230060
140 254 -0.203302
140 258 -0.236608
141 237 -0.231702
142 223 -0.213444
143 223 0.081178
144 233 -0.223456
144 235 -0.249537
144 250 0.007619
144 257 -0.225112
144 261 -0.252735
145 247 -0.238236
146 242 -0.247933
146 252 22.955551
146 253 -0.172086
146 255 -0.257506
146 264 -0.236608
146 270 -0.182625
146 273 -0.255919
147 223 0.502108
147 255 -0.259090
147 260 -0.030372
147 262 0.065139
147 266 -0.215121
148 242 -0.137809
148 253 1.331978
148 264 0.162587
148 265 -0.166766
148 269 -0.145141
149 252 -0.220133
149 254 -0.220133
149 255 -0.230060
150 235 -0.230060
150 257 -0.254329
151 223 -0.226765
152 250 0.584468
152 261 -0.234976
153 250 -0.244714
154 235 -0.152411
154 257 -0.163200
155 252 -0.198182
155 255 1.113824
156 245 -0.247933
156 256 -0.117319
157 223 -0.243100
157 255 -0.180878
157 258 -0.104027
157 260 0.190216
158 235 -0.141483
158 257 -0.252735
158 261 -0.064937
159 223 -0.247933
160 255 -0.177373
161 235 -0.054901
161 263 5.540474
162 255 3.387373
162 258 -0.255919
163 235 -0.259090
163 242 -0.196469
163 265 45.636188
163 278 -0.226765
163 282 0.031565
163 294 -0.234976
164 255 -0.143314
164 260 -0.249537
164 266 1.055956
164 274 -0.182625
164 276 -0.257506
165 266 -0.216795
165 267 -0.186108
166 264 -0.223456
166 270 -0.252735
167 255 -0.172086
168 255 1.064755
169 265 -0.154219
169 269 -0.255919
170 255 -0.130413
170 266 -0.255919
170 276 -0.119201
170 284 -0.243100
171 235 -0.220133
171 263 -0.254329
171 272 -0.036563
172 255 3.860879
172 273 -0.252735
172 277 -0.215121
173 235 7.166729
173 265 -0.255919
173 271 -0.255919
173 292 -0.252735
173 296 -0.191305
174 270 -0.226765
174 273 -0.221796
175 264 -0.254329
175 270 -0.238236
175 277 -0.243100
176 270 -0.054901
176 277 -0.231702
177 255 -0.215121
178 276 -0.194751
179 275 -0.236608
179 279 -0.179127
179 280 -0.254329
180 235 -0.194751
180 278 -0.234976
181 265 -0.208389
181 270 -0.259090
181 277 3.637824
181 290 -0.259090
182 265 -0.216795
183 266 -0.255919
183 274 -0.239861
183 281 -0.186108
183 283 -0.225112
184 279 -0.257506
184 280 -0.211762
185 277 -0.223456
186 235 -0.187844
186 278 -0.198182
186 282 2.395696
186 288 -0.213444
186 294 0.170058
186 297 -0.196469
187 255 -0.130413
188 235 -0.156023
189 255 -0.254329
189 276 -0.257506
189 283 1.742831
189 284 -0.148784
190 255 -0.137809
190 284 1.987383
191 235 -0.062938
191 285 -0.198182
191 288 -0.223456
192 280 -0.046794
192 286 -0.249537
193 235 -0.211762
193 286 -0.254329
193 287 -0.213444
193 289 0.812606
193 293 -0.252735
194 255 0.239494
194 265 -0.252735
194 277 -0.239861
194 290 -0.191305
195 280 1.029785
195 286 -0.236608
196 235 -0.246325
196 291 -0.238236
197 265 -0.231702
197 277 -0.246325
197 290 0.180094
198 286 -0.225112
199 235 -0.201599
199 292 0.255475
199 293 -0.223456
199 295 -0.254329
200 280 -0.238236
200 286 -0.255919
200 289 -0.226765
200 293 1.082465
200 295 -0.254329
201 293 -0.221796
201 295 0.733126
202 265 -0.196469
203 292 -0.254329
203 295 -0.239861
203 296 0.123540
204 289 -0.201599
205 255 -0.084690
206 298 2.078032
207 298 -0.236608
207 299 -0.168543
208 300 0.018434
208 301 -0.252735
209 301 -0.257506
209 302 147.413159
209 303 -0.251138
209 315 -0.172086
209 321 -0.255919
209 326 -0.259090
210 303 4.328299
210 312 -0.257506
211 303 -0.254329
211 304 -0.215121
212 305 -0.124825
212 311 -0.244714
212 312 -0.238236
213 306 0.069697
214 307 -0.216795
215 307 -0.215121
215 310 0.402903
215 311 -0.241482
216 300 -0.259090
216 301 4.992251
216 302 -0.257506
216 309 -0.257506
217 305 -0.259090
217 306 -0.254329
217 308 -0.199893
218 303 -0.254329
218 306 -0.244714
218 307 -0.234976
218 310 -0.254329
218 311 1.164059
218 322 -0.255919
219 298 -0.221796
219 301 -0.255919
219 309 2.884620
220 301 0.218501
221 298 0.361587
221 314 -0.255919
222 301 -0.218466
222 302 -0.247933
223 301 1.055956
223 310 -0.230060
223 311 -0.259090
223 313 -0.223456
223 315 -0.249537
223 318 -0.157823
223 320 0.920173
223 322 -0.177373
223 327 -0.078808
223 328 0.315857
223 329 -0.238236
223 333 5.710220
223 336 0.197864
223 342 -0.254329
223 343 -0.259090
223 344 0.142897
223 347 -0.137809
223 356 -0.226765
224 314 -0.234976
225 303 -0.257506
225 311 -0.216795
225 315 -0.180878
225 322 -0.233341
226 316 -0.241482
227 301 1.312146
227 302 -0.259090
227 319 -0.259090
228 301 -0.254329
228 317 0.104511
229 298 -0.259090
229 314 -0.231702
229 317 -0.252735
229 323 -0.054901
229 325 -0.220133
229 332 -0.255919
230 301 -0.257506
230 302 -0.255919
230 319 0.639534
231 316 -0.146964
231 318 -0.257506
231 329 -0.254329
232 301 -0.254329
232 321 -0.210077
233 301 0.646550
233 317 -0.221796
234 324 -0.194751
234 326 -0.257506
235 301 -0.148784
235 317 147.413159
235 332 -0.259090
235 348 -0.247933
235 351 147.413159
235 352 2.643591
235 355 -0.257506
235 360 1.082465
235 366 -0.234976
235 379 -0.259090
235 384 -0.223456
235 385 -0.254329
235 389 -0.231702
235 393 -0.246325
236 301 -0.054901
236 317 -0.247933
237 301 2.424822
237 302 -0.244714
237 326 0.970008
237 333 -0.252735
238 301 0.210721
239 301 -0.194751
240 330 -0.189576
241 329 -0.122955
242 301 62.559607
242 319 -0.238236
242 330 -0.254329
242 331 -0.255919
242 338 -0.166766
242 340 -0.254329
242 346 -0.226765
242 350 -0.226765
242 351 -0.254329
242 354 -0.233341
242 358 -0.238236
243 301 -0.189576
243 326 -0.225112
243 330 -0.259090
244 301 -0.255919
244 331 0.027170
244 337 -0.247933
244 338 -0.259090
245 317 -0.246325
245 332 -0.104027
245 339 0.022792
245 348 -0.255919
246 301 -0.249537
246 334 -0.236608
247 301 -0.220133
247 334 -0.252735
247 335 -0.036563
248 301 -0.152411
249 335 -0.259090
249 337 -0.236608
250 301 1.802025
251 340 -0.233341
252 301 -0.243100
252 341 27.115997
252 342 -0.243100
252 345 -0.259090
252 368 -0.257506
253 301 -0.215121
253 341 -0.254329
253 345 1.377224
253 354 -0.257506
254 342 -0.193030
254 343 -0.225112
255 341 -0.199893
255 342 1.880891
255 347 -0.230060
255 353 2.019447
255 362 -0.251138
255 363 7.114584
255 367 0.961613
255 369 -0.230060
255 370 -0.210077
255 376 -0.233341
255 377 -0.259090
255 378 -0.251138
255 380 -0.230060
255 381 0.228953
255 387 -0.228414
255 396 -0.058928
255 397 -0.064937
255 398 -0.124825
255 399 -0.246325
256 317 -0.198182
256 348 -0.070907
257 301 -0.100192
257 317 -0.255919
258 342 -0.259090
258 347 -0.074866
258 353 -0.252735
259 301 -0.255919
259 349 -0.208389
260 347 0.544386
260 353 -0.233341
260 357 -0.231702
261 301 0.029365
261 351 -0.257506
262 347 0.056080
262 357 -0.257506
263 351 -0.247933
263 352 -0.206697
263 355 6.450310
264 345 -0.259090
264 354 0.195309
264 358 -0.254329
264 365 -0.249537
264 367 -0.254329
265 301 -0.251138
265 351 -0.247933
265 358 63.792820
265 367 -0.254329
265 374 -0.199893
265 387 -0.189576
265 396 -0.259090
265 401 -0.241482
266 347 -0.186108
266 353 -0.259090
266 357 -0.215121
266 359 0.560962
266 361 -0.259090
266 362 -0.193030
266 363 -0.239861
266 372 -0.255919
266 375 -0.249537
267 361 -0.221796
267 364 -0.238236
268 301 -0.210077
268 351 -0.239861
269 358 -0.238236
269 365 -0.187844
269 367 -0.252735
270 354 -0.148784
270 367 -0.259090
270 368 -0.205001
270 371 -0.066931
271 301 -0.215121
271 351 -0.124825
272 355 -0.251138
272 366 0.373266
273 367 -0.206697
273 371 -0.257506
274 362 -0.254329
274 369 -0.247933
274 372 -0.199893
274 375 -0.251138
275 352 -0.215121
276 369 0.001185
276 372 -0.259090
277 367 5.307324
277 371 -0.233341
278 351 -0.173852
278 358 -0.255919
278 374 -0.221796
279 352 -0.255919
279 373 -0.189576
279 379 -0.255919
280 352 -0.201599
280 379 -0.011559
280 382 0.711064
280 386 -0.143314
280 388 -0.259090
280 400 -0.241482
281 375 -0.186108
282 351 -0.216795
282 358 -0.257506
282 374 3.588574
283 375 -0.257506
283 377 1.887049
284 363 -0.257506
284 376 1.550768
284 377 -0.179127
284 383 -0.168543
284 399 -0.251138
285 351 -0.198182
286 379 -0.196469
286 385 -0.226765
286 388 -0.255919
287 351 -0.259090
287 352 -0.233341
287 384 -0.257506
288 351 -0.228414
288 374 -0.206697
289 384 -0.254329
289 385 1.025456
289 390 -0.239861
290 367 -0.163200
290 381 -0.259090
290 387 0.155164
291 384 -0.230060
291 390 -0.257506
292 351 -0.254329
292 389 -0.257506
292 391 0.109238
292 392 -0.199893
293 385 -0.252735
293 388 0.239494
293 390 0.379143
293 402 -0.251138
294 374 -0.257506
294 393 0.218501
295 390 -0.252735
295 391 -0.244714
295 394 0.744263
295 402 -0.259090
296 351 -0.257506
296 391 -0.257506
296 395 0.244798
297 393 -0.196469
298 403 0.190216
298 404 0.370337
298 415 0.250125
298 419 -0.241482
298 420 -0.251138
298 421 0.088126
298 425 -0.259090
299 405 -0.179127
299 415 -0.257506
300 405 -0.257506
300 406 -0.030372
300 407 -0.247933
300 414 -0.257506
301 407 11.305218
301 408 -0.228414
301 417 0.414936
301 422 0.185144
301 424 1.639415
301 426 -0.228414
301 431 -0.246325
301 432 -0.223456
301 433 0.396925
301 434 -0.111646
301 436 -0.255919
301 437 0.097459
301 438 -0.259090
301 440 0.770529
301 441 89.018282
301 442 -0.257506
301 444 -0.259090
301 445 0.250125
301 446 -0.259090
301 448 -0.238236
301 449 -0.143314
301 450 -0.221796
301 451 1.312146
301 452 -0.216795
301 453 -0.252735
301 454 -0.236608
301 456 -0.052880
301 458 -0.243100
301 461 -0.236608
301 462 -0.168543
301 463 -0.254329
301 465 -0.015771
301 468 -0.255919
301 474 -0.179127
302 407 -0.257506
302 408 147.413159
302 409 -0.198182
302 410 -0.182625
302 417 -0.257506
302 422 -0.168543
302 430 -0.259090
302 431 -0.241482
303 410 4.339688
303 411 -0.241482
303 412 -0.255919
303 417 -0.259090
303 418 -0.251138
304 411 -0.201599
305 412 -0.111646
306 413 0.157633
307 413 -0.122955
308 412 -0.226765
308 413 -0.239861
309 407 -0.247933
309 414 2.323960
309 415 -0.254329
309 420 -0.238236
309 421 -0.255919
309 425 -0.254329
310 413 -0.246325
310 416 0.537805
311 412 -0.226765
311 413 -0.213444
311 416 -0.218466
311 417 0.999673
311 418 -0.257506
312 412 -0.257506
312 418 -0.236608
313 416 -0.218466
314 415 -0.186108
315 410 -0.251138
315 417 -0.072889
315 422 -0.233341
316 423 -0.121080
317 407 -0.257506
317 425 147.413159
317 433 -0.257506
317 434 -0.249537
317 437 -0.211762
317 443 -0.226765
317 451 -0.249537
317 456 -0.257506
317 462 -0.259090
318 416 -0.206697
318 423 -0.208389
319 408 -0.257506
319 424 -0.251138
319 426 0.502108
319 430 -0.254329
319 436 -0.238236
319 438 -0.238236
320 416 -0.231702
320 423 -0.231702
320 427 -0.254329
320 428 0.581089
320 444 -0.259090
321 408 -0.246325
321 422 -0.208389
322 417 -0.216795
322 427 -0.172086
323 415 -0.060935
324 430 -0.225112
324 431 -0.239861
325 429 -0.220133
326 408 -0.255919
326 417 -0.247933
326 431 0.696513
326 439 -0.249537
326 441 -0.220133
326 442 -0.223456
326 445 -0.259090
327 417 -0.228414
327 427 -0.126692
328 417 -0.234976
328 427 -0.252735
328 428 -0.184369
328 435 0.047099
328 444 -0.254329
329 423 -0.066931
329 447 -0.257506
330 426 -0.259090
330 430 -0.249537
330 436 -0.205001
330 439 -0.254329
331 424 -0.254329
331 438 0.020611
331 441 -0.251138
332 443 -0.104027
333 428 -0.255919
333 435 -0.228414
333 440 -0.257506
333 444 5.056566
333 457 -0.255919
334 446 -0.228414
335 424 -0.257506
335 446 -0.255919
335 448 -0.052880
335 452 -0.259090
336 423 -0.187844
336 444 -0.241482
336 447 -0.007329
337 438 -0.251138
337 441 -0.259090
337 448 -0.241482
338 438 -0.255919
338 441 -0.163200
339 443 0.035980
340 441 -0.198182
341 450 -0.175614
341 453 22.600168
341 469 -0.238236
341 475 -0.234976
341 476 -0.246325
342 440 -0.255919
342 450 2.267664
342 457 -0.236608
343 444 -0.243100
343 450 -0.243100
344 444 -0.205001
344 447 -0.255919
344 455 0.016262
345 453 -0.194751
345 454 0.318669
345 464 0.109238
346 441 -0.221796
347 444 -0.246325
347 450 -0.259090
347 457 0.116366
347 460 0.949088
347 466 -0.072889
347 472 -0.213444
348 443 -0.241482
348 459 -0.060935
349 441 -0.199893
350 441 -0.223456
351 425 -0.198182
351 461 147.413159
351 462 -0.259090
351 468 -0.251138
351 479 -0.201599
351 485 -0.257506
351 497 -0.259090
351 502 -0.246325
352 425 -0.247933
352 459 -0.228414
352 461 3.976398
353 457 1.611387
353 460 -0.257506
353 470 -0.210077
353 475 -0.247933
353 484 -0.236608
354 441 -0.254329
354 453 -0.203302
354 463 0.092783
354 471 -0.254329
354 478 -0.164985
354 482 -0.259090
354 483 -0.259090
355 461 -0.154219
355 467 5.160910
356 466 -0.225112
357 466 -0.211762
357 470 -0.220133
358 468 50.669389
358 471 -0.252735
358 478 -0.259090
358 483 -0.128555
358 485 -0.247933
358 492 -0.223456
358 505 -0.234976
359 466 -0.221796
359 470 -0.230060
359 472 -0.225112
359 473 0.197864
359 477 -0.251138
360 461 1.082465
361 466 -0.257506
361 472 -0.215121
362 470 -0.194751
362 477 -0.243100
362 480 -0.255919
363 470 3.472499
363 475 -0.205001
363 484 0.172559
364 472 -0.238236
365 468 -0.249537
365 471 -0.228414
365 478 -0.230060
365 483 -0.252735
366 461 -0.255919
366 479 0.550996
367 453 -0.254329
367 468 -0.259090
367 475 -0.115432
367 476 0.160107
367 483 5.227036
367 484 -0.189576
367 488 -0.104027
367 490 -0.187844
367 491 -0.145141
368 453 -0.241482
368 482 -0.233341
369 470 -0.252735
369 480 0.053828
370 475 -0.210077
371 481 -0.115432
371 482 -0.196469
371 483 -0.254329
372 477 -0.170317
373 461 -0.179127
374 461 -0.233341
374 468 -0.213444
374 485 3.965784
375 473 -0.255919
375 486 -0.141483
376 470 1.272986
376 487 -0.175614
377 477 -0.249537
377 486 -0.203302
377 487 2.045346
378 470 -0.249537
379 461 -0.076839
379 489 -0.254329
379 493 -0.157823
379 495 -0.254329
380 470 -0.230060
381 488 -0.238236
381 491 0.160107
382 489 -0.148784
382 493 -0.259090
382 495 -0.236608
382 499 0.290812
382 509 -0.241482
383 470 -0.255919
383 487 -0.187844
384 461 -0.254329
384 494 -0.182625
385 461 -0.255919
385 493 -0.257506
385 494 1.141078
385 495 -0.239861
386 489 -0.143314
387 468 -0.255919
387 483 -0.246325
387 491 -0.249537
387 496 0.205562
387 505 -0.257506
387 506 -0.249537
388 494 -0.113541
388 495 0.007619
388 510 -0.247933
389 461 -0.249537
389 498 -0.243100
390 494 0.099805
390 500 -0.046794
391 461 -0.259090
391 497 0.095118
391 498 -0.247933
391 504 -0.259090
392 497 -0.259090
392 501 -0.206697
393 485 0.393945
393 502 -0.247933
394 494 -0.238236
394 497 -0.210077
394 500 -0.252735
394 503 0.424028
394 504 -0.254329
395 461 -0.254329
395 504 0.208139
396 491 -0.246325
396 505 -0.104027
397 484 -0.107845
397 491 -0.252735
397 508 -0.259090
398 491 -0.249537
398 505 -0.247933
398 507 -0.193030
398 508 -0.251138
399 470 -0.228414
400 499 -0.241482
401 468 -0.249537
401 485 -0.257506
402 510 -0.247933
403 511 0.078872
403 512 -0.231702
403 519 -0.243100
404 511 0.205562
404 512 -0.203302
405 512 -0.177373
406 513 -0.028300
407 513 10.346241
407 514 -0.254329
407 524 -0.246325
407 526 -0.236608
407 536 -0.238236
408 514 147.413159
408 515 -0.234976
408 524 -0.252735
408 525 -0.238236
408 527 -0.231702
408 529 -0.210077
408 530 -0.238236
408 531 -0.228414
408 533 -0.196469
409 514 -0.198182
410 514 -0.251138
410 515 4.548905
410 516 -0.226765
410 517 -0.247933
410 521 -0.255919
411 515 -0.252735
411 516 -0.179127
412 517 -0.088591
412 518 -0.175614
412 521 -0.259090
413 518 0.689283
414 512 -0.243100
414 513 1.918036
414 526 -0.259090
414 535 -0.231702
415 512 0.177577
415 513 -0.257506
415 519 -0.239861
415 523 -0.148784
415 534 -0.076839
415 535 -0.254329
415 549 -0.252735
416 518 -0.236608
416 520 1.008231
416 522 -0.257506
417 518 -0.218466
417 521 -0.259090
417 522 2.581882
417 530 -0.251138
417 532 -0.257506
417 533 -0.231702
417 537 -0.226765
417 539 -0.128555
417 545 -0.170317
418 521 -0.208389
419 519 -0.241482
420 512 -0.225112
420 513 -0.257506
421 512 -0.050856
421 513 -0.249537
421 534 -0.216795
421 535 -0.249537
422 515 -0.252735
422 522 -0.246325
422 525 -0.208389
422 530 0.352893
422 533 -0.259090
423 520 -0.251138
423 528 0.296336
423 541 -0.230060
423 552 -0.234976
424 524 1.702141
424 546 -0.255919
424 548 -0.252735
425 513 -0.254329
425 526 0.049337
425 535 147.413159
425 536 -0.243100
425 542 -0.234976
425 549 -0.259090
425 555 -0.257506
425 567 -0.225112
426 514 -0.257506
426 524 -0.246325
426 531 0.479824
426 538 -0.255919
426 543 -0.255919
426 547 -0.257506
427 520 -0.175614
427 528 -0.257506
427 532 -0.211762
427 537 -0.239861
427 540 -0.225112
427 541 -0.233341
428 520 -0.172086
428 528 0.271663
428 540 -0.238236
428 541 -0.141483
429 523 -0.228414
429 534 -0.241482
430 531 -0.247933
430 533 -0.216795
430 538 -0.252735
431 533 0.711064
431 538 -0.259090
431 539 -0.228414
431 544 -0.236608
432 513 -0.226765
433 513 -0.257506
433 524 -0.244714
433 536 0.252797
433 542 -0.223456
434 513 -0.122955
434 535 -0.257506
434 536 -0.244714
435 537 -0.048827
435 540 -0.157823
435 541 -0.259090
436 538 -0.186108
436 543 -0.252735
436 547 -0.257506
437 524 -0.257506
437 542 0.175065
438 531 -0.259090
438 538 -0.254329
438 539 -0.254329
438 546 -0.234976
438 547 -0.088591
438 548 -0.228414
438 553 -0.225112
439 538 -0.249537
439 539 -0.257506
440 545 0.476668
440 550 -0.198182
440 554 -0.223456
441 533 -0.255919
441 535 -0.105938
441 539 111.881890
441 561 -0.255919
441 571 -0.249537
441 576 -0.182625
442 539 -0.231702
442 544 -0.255919
443 534 -0.255919
443 549 -0.062938
443 555 0.088126
443 567 -0.254329
444 540 -0.244714
444 541 4.890764
444 558 -0.243100
444 560 -0.221796
444 564 -0.210077
444 565 -0.236608
445 539 -0.156023
445 545 -0.036563
445 551 -0.193030
445 556 -0.257506
446 524 -0.221796
447 541 -0.254329
447 552 0.005470
448 542 -0.251138
448 548 0.011931
448 557 -0.257506
449 542 -0.180878
449 548 -0.238236
450 545 -0.243100
450 554 -0.239861
450 556 -0.239861
450 560 2.884620
451 539 -0.254329
451 542 -0.220133
451 548 0.711064
451 559 -0.152411
451 571 -0.251138
452 548 -0.243100
452 557 -0.226765
453 539 -0.249537
453 556 22.399463
453 560 -0.247933
453 562 -0.234976
453 572 -0.249537
453 576 -0.252735
453 577 -0.259090
453 580 -0.216795
453 582 -0.259090
453 584 -0.233341
454 561 -0.230060
454 562 0.213309
454 569 -0.252735
454 573 -0.225112
455 563 -0.084690
455 565 -0.247933
455 568 -0.225112
456 535 -0.230060
456 566 -0.084690
457 541 -0.247933
457 560 3.425005
457 564 -0.244714
458 539 -0.244714
459 555 -0.244714
459 567 -0.022055
460 541 -0.244714
460 560 -0.194751
460 568 0.618663
460 570 -0.234976
461 535 147.413159
461 567 -0.228414
461 574 -0.199893
461 583 -0.170317
461 587 -0.215121
461 588 0.011931
461 593 -0.218466
461 594 -0.244714
461 596 -0.199893
461 604 -0.220133
462 535 -0.241482
462 566 -0.194751
462 571 -0.259090
463 539 -0.257506
463 562 -0.259090
463 573 -0.121080
463 576 -0.124825
463 582 -0.249537
464 556 -0.259090
464 569 -0.251138
464 572 0.044866
465 535 -0.238236
465 571 -0.058928
466 560 -0.210077
466 568 -0.236608
466 575 -0.036563
466 578 -0.238236
466 579 -0.259090
467 535 -0.146964
467 574 3.829842
468 535 -0.173852
468 539 -0.257506
468 576 4.328299
468 585 -0.239861
468 590 0.544386
468 600 1.639415
468 607 -0.113541
469 577 -0.238236
470 560 5.443445
470 578 -0.239861
470 581 -0.249537
470 591 -0.249537
470 592 1.362045
470 601 -0.211762
471 576 -0.198182
472 579 -0.042715
473 560 -0.236608
473 578 -0.132268
473 579 -0.161412
473 581 -0.177373
473 586 -0.255919
474 535 -0.208389
474 539 -0.246325
475 560 0.190216
476 560 0.121144
476 585 -0.228414
477 581 -0.205001
477 586 -0.175614
477 589 -0.254329
478 556 -0.259090
478 576 -0.249537
478 582 -0.211762
478 585 -0.216795
479 535 -0.241482
479 574 -0.259090
479 583 0.674917
480 581 0.076571
481 584 -0.122955
481 585 -0.255919
482 556 -0.251138
482 584 -0.208389
482 585 -0.223456
483 585 6.514214
483 595 -0.196469
483 600 -0.257506
484 560 0.703773
485 535 -0.090535
485 590 2.643591
485 598 -0.231702
485 603 0.396925
485 607 -0.241482
486 589 -0.046794
487 586 -0.252735
487 589 -0.243100
487 592 2.892923
488 560 -0.062938
488 585 -0.259090
489 594 0.067415
490 585 -0.249537
490 595 -0.208389
491 560 0.024979
491 585 -0.254329
491 597 -0.163200
491 600 -0.228414
491 605 -0.189576
491 606 -0.257506
491 608 -0.231702
492 590 -0.221796
493 593 -0.213444
493 594 -0.223456
493 599 -0.255919
494 535 -0.257506
494 596 3.758191
494 602 -0.252735
495 593 -0.259090
495 594 -0.257506
495 596 -0.244714
495 599 0.065139
496 585 -0.247933
496 600 0.182616
497 535 0.116366
497 602 -0.223456
497 604 -0.255919
498 535 -0.211762
499 594 0.304666
499 599 -0.251138
500 596 -0.019965
501 535 -0.257506
501 596 -0.249537
501 602 -0.231702
502 535 -0.210077
503 596 -0.259090
503 602 0.399911
504 604 0.239494
505 560 -0.254329
505 600 -0.252735
505 606 -0.070907
505 609 -0.255919
506 600 -0.249537
507 606 -0.259090
507 609 -0.198182
508 605 -0.241482
509 594 -0.259090
509 610 -0.247933
510 596 -0.230060
511 611 0.604898
511 612 -0.198182
511 622 -0.259090
512 612 0.521475
512 625 0.071983
512 633 -0.255919
513 612 -0.189576
513 613 12.260036
513 614 -0.201599
513 621 1.470367
513 625 -0.220133
513 629 -0.251138
513 636 -0.094410
513 637 -0.255919
514 614 136.383842
514 615 -0.080773
514 616 -0.252735
514 617 -0.196469
514 620 -0.223456
514 628 -0.198182
514 630 -0.221796
514 631 -0.257506
514 634 -0.251138
515 616 0.414936
515 617 1.713705
515 618 -0.244714
515 620 -0.257506
515 623 -0.215121
516 616 -0.223456
516 617 -0.179127
517 618 -0.070907
517 620 -0.255919
518 618 -0.259090
518 619 0.855682
518 620 -0.159619
518 624 -0.244714
519 622 -0.189576
520 619 -0.211762
520 624 1.428528
520 632 -0.255919
521 617 -0.238236
521 620 -0.191305
522 617 -0.259090
522 620 2.267664
522 624 -0.220133
522 640 -0.231702
523 622 -0.257506
523 625 -0.249537
523 626 -0.132268
524 613 -0.238236
524 627 2.078032
524 630 -0.255919
524 637 -0.259090
524 643 -0.254329
524 649 -0.247933
525 620 -0.196469
526 613 -0.238236
526 629 0.056080
527 620 -0.259090
527 628 -0.259090
527 631 -0.239861
528 624 -0.221796
528 632 0.594650
528 639 -0.088591
528 641 -0.259090
528 646 -0.251138
529 628 -0.251138
529 631 -0.238236
530 620 -0.088591
530 631 0.172559
531 620 -0.210077
531 630 0.390972
531 634 -0.252735
531 638 -0.243100
532 620 -0.231702
532 624 -0.238236
533 620 -0.241482
533 631 -0.234976
533 634 1.082465
534 626 -0.199893
534 633 -0.216795
534 635 -0.231702
534 642 -0.179127
534 647 -0.257506
535 621 -0.251138
535 629 -0.247933
535 635 147.413159
535 636 -0.244714
535 642 -0.259090
535 647 -0.251138
535 663 -0.249537
535 665 -0.254329
535 666 147.413159
535 673 -0.238236
535 679 0.615211
535 685 1.465098
535 696 -0.254329
535 697 -0.173852
535 700 -0.046794
535 701 -0.216795
536 635 -0.259090
536 636 -0.259090
536 637 0.376201
537 624 -0.196469
537 640 -0.046794
538 620 -0.146964
538 634 -0.255919
538 638 -0.251138
539 620 134.057055
539 653 -0.196469
539 654 -0.254329
539 665 -0.251138
539 666 -0.175614
539 668 -0.241482
539 670 -0.223456
539 672 -0.247933
540 624 -0.179127
540 640 -0.226765
540 644 -0.259090
540 648 -0.196469
541 624 -0.246325
541 641 -0.230060
541 644 -0.257506
541 646 3.850511
541 648 -0.241482
541 656 -0.182625
541 658 -0.246325
541 659 -0.179127
541 661 -0.189576
542 627 -0.236608
542 635 0.318669
542 637 -0.252735
542 649 -0.246325
542 652 -0.210077
542 654 -0.239861
543 620 -0.243100
544 620 -0.221796
545 620 -0.233341
545 640 -0.257506
545 644 0.502108
545 648 -0.251138
545 650 -0.249537
545 651 -0.000950
545 658 -0.257506
546 627 -0.257506
546 643 -0.238236
546 645 -0.259090
547 620 -0.249537
547 627 -0.257506
547 645 -0.107845
548 620 -0.239861
548 627 -0.236608
548 649 0.074275
548 654 0.762984
549 642 -0.244714
549 647 -0.078808
550 644 -0.198182
551 620 -0.247933
551 650 -0.230060
552 632 -0.074866
552 646 -0.175614
553 620 -0.223456
554 644 -0.236608
554 651 -0.249537
554 658 -0.246325
555 647 0.135599
556 655 20.301236
556 658 -0.220133
556 675 -0.249537
556 677 -0.231702
557 649 -0.203302
558 644 -0.251138
558 658 -0.259090
559 654 -0.257506
559 657 -0.182625
560 655 -0.257506
560 658 1.362045
560 659 13.659789
560 661 -0.259090
560 667 -0.137809
560 669 1.616968
560 674 3.482058
560 675 -0.074866
560 676 -0.233341
560 680 -0.223456
560 681 -0.239861
560 683 -0.194751
560 686 -0.122955
560 688 -0.218466
560 695 -0.216795
560 698 -0.236608
560 704 -0.254329
561 620 -0.210077
562 620 0.277105
562 655 -0.259090
563 646 -0.259090
563 660 -0.143314
563 661 -0.231702
564 656 -0.246325
564 659 -0.206697
565 646 -0.259090
565 660 -0.259090
565 661 -0.228414
566 635 -0.231702
566 654 -0.255919
566 662 -0.034504
567 635 -0.257506
567 647 -0.215121
567 663 0.011931
567 666 -0.252735
568 661 0.636037
568 669 -0.225112
568 671 -0.239861
569 620 -0.243100
569 664 -0.257506
570 659 -0.246325
570 661 -0.259090
571 665 -0.019965
572 655 -0.203302
572 664 -0.024141
573 620 -0.137809
573 655 -0.238236
573 664 -0.246325
574 666 0.053828
574 673 2.581882
574 679 -0.257506
574 685 -0.259090
575 669 -0.255919
575 671 -0.046794
576 620 -0.236608
576 655 -0.241482
576 666 -0.173852
576 668 -0.230060
576 672 5.160910
576 681 -0.231702
577 655 -0.228414
578 669 -0.246325
578 671 -0.132268
578 676 -0.234976
579 671 0.024979
579 682 -0.196469
580 655 -0.259090
580 675 -0.231702
580 677 -0.259090
581 669 -0.243100
581 671 -0.251138
581 676 0.247459
581 678 -0.239861
582 655 -0.257506
582 672 -0.208389
582 681 -0.257506
583 666 -0.243100
583 679 0.924277
584 655 -0.259090
584 677 -0.024141
584 681 -0.251138
585 659 -0.218466
585 681 7.894879
585 683 -0.255919
585 689 -0.186108
586 669 -0.243100
586 676 -0.254329
586 678 -0.211762
586 682 -0.259090
586 687 -0.252735
587 666 -0.252735
587 684 -0.231702
588 666 -0.254329
588 684 -0.019965
589 678 -0.254329
589 687 -0.019965
589 688 -0.241482
590 666 0.076571
590 681 -0.173852
590 690 3.285527
590 692 -0.194751
590 701 -0.255919
591 669 -0.247933
592 669 -0.259090
592 688 12.575161
593 684 -0.228414
593 685 -0.230060
593 694 -0.246325
594 691 0.329980
594 694 -0.247933
594 699 0.152700
595 689 -0.115432
596 685 -0.141483
596 693 3.240019
596 694 -0.259090
596 696 -0.090535
596 703 -0.257506
596 706 -0.135966
597 659 -0.168543
598 666 -0.231702
599 685 -0.255919
599 693 -0.255919
599 694 0.085805
600 681 -0.216795
600 690 -0.239861
600 692 -0.150599
600 698 0.177577
600 702 1.168684
600 705 -0.247933
601 674 -0.233341
601 688 -0.249537
602 685 -0.254329
602 693 -0.249537
602 696 -0.187844
602 697 -0.257506
602 700 -0.241482
602 703 0.282570
603 666 -0.259090
603 701 0.376201
604 666 -0.257506
604 697 0.223716
604 707 -0.215121
605 659 -0.239861
605 695 -0.247933
605 704 -0.203302
606 659 -0.255919
606 705 -0.056916
607 690 -0.241482
607 702 -0.194751
607 709 -0.223456
608 659 -0.231702
609 659 -0.249537
609 704 -0.257506
609 705 -0.244714
609 708 -0.236608
610 699 -0.244714
611 710 -0.228414
611 711 0.347128
611 712 -0.206697
612 710 -0.249537
612 712 0.755472
612 713 -0.230060
612 719 -0.255919
612 723 -0.257506
613 713 -0.128555
613 714 -0.247933
613 719 9.461999
613 728 -0.234976
613 729 -0.259090
614 714 107.162899
614 716 -0.231702
614 727 -0.254329
614 730 -0.206697
614 731 -0.255919
614 734 -0.233341
614 735 -0.254329
615 714 -0.236608
615 715 -0.128555
616 716 0.557633
617 716 2.604899
617 717 -0.249537
617 721 -0.257506
617 722 -0.246325
618 717 -0.038618
619 717 -0.259090
619 718 1.016825
620 716 -0.201599
620 717 -0.216795
620 718 -0.236608
620 721 0.140459
620 722 147.413159
620 728 -0.238236
620 730 -0.255919
620 735 -0.247933
620 742 -0.247933
620 744 0.133177
620 747 -0.243100
620 752 -0.247933
620 753 -0.221796
620 755 -0.259090
620 756 0.315857
620 761 0.029365
620 765 -0.251138
620 768 -0.259090
621 712 -0.255919
621 713 0.785715
621 719 -0.255919
621 723 -0.241482
621 724 -0.115432
621 729 -0.259090
621 736 -0.247933
622 720 -0.172086
623 716 -0.215121
624 718 -0.231702
624 721 -0.259090
624 722 2.483825
624 725 -0.239861
624 733 -0.233341
624 739 -0.257506
625 720 -0.259090
625 724 0.051580
625 726 -0.184369
626 726 -0.241482
626 732 -0.139648
626 736 -0.252735
626 738 -0.239861
627 714 -0.255919
627 728 2.239875
627 731 -0.259090
627 744 -0.259090
627 747 -0.241482
628 727 -0.225112
628 730 -0.228414
629 719 -0.252735
629 729 0.071983
630 728 -0.252735
630 731 0.352893
630 734 -0.231702
630 735 -0.241482
630 742 -0.252735
630 744 -0.257506
631 722 -0.236608
631 730 0.304666
631 734 -0.257506
632 722 -0.251138
632 725 0.534525
632 733 -0.254329
632 737 -0.247933
632 739 -0.247933
632 741 -0.166766
632 745 -0.249537
632 751 -0.251138
633 726 -0.241482
633 736 -0.239861
634 722 -0.255919
634 730 -0.255919
634 734 0.839901
634 740 -0.203302
634 744 -0.239861
635 722 -0.257506
635 728 0.577716
635 736 147.413159
635 746 0.313050
635 760 -0.236608
636 728 -0.078808
636 736 -0.249537
637 719 -0.255919
637 728 0.470375
638 735 -0.231702
639 722 -0.247933
639 737 -0.213444
639 739 -0.208389
639 741 -0.249537
640 722 0.011931
640 743 -0.226765
641 739 -0.241482
641 745 -0.244714
642 732 -0.257506
642 736 -0.249537
642 738 -0.189576
643 728 -0.255919
643 744 -0.243100
643 747 -0.255919
644 722 0.733126
644 750 -0.234976
645 744 -0.124825
645 747 -0.244714
646 722 -0.257506
646 725 -0.259090
646 739 -0.230060
646 741 3.294687
646 745 -0.259090
646 748 -0.199893
646 754 -0.199893
647 736 -0.234976
647 738 -0.251138
647 749 0.495707
647 763 -0.259090
648 722 -0.164985
648 748 -0.246325
649 728 0.192760
649 747 -0.259090
649 752 -0.225112
650 722 -0.201599
651 722 -0.218466
651 750 -0.056916
651 755 -0.259090
652 728 -0.210077
653 722 -0.196469
654 728 0.957429
655 722 -0.243100
655 753 -0.247933
655 755 21.230578
655 756 -0.225112
655 761 -0.203302
655 765 -0.259090
655 773 -0.243100
656 722 -0.201599
656 754 -0.231702
657 728 -0.182625
658 722 -0.225112
658 755 -0.218466
658 757 1.113824
658 758 -0.213444
658 767 -0.259090
659 722 21.710345
659 770 -0.186108
659 773 -0.255919
659 780 -0.254329
659 786 -0.257506
660 741 -0.225112
660 759 -0.199893
661 722 -0.182625
661 741 -0.072889
661 762 0.255475
661 766 -0.220133
662 728 -0.255919
662 736 -0.259090
662 760 -0.048827
663 736 -0.244714
663 763 -0.243100
663 764 -0.042715
663 769 -0.254329
664 761 -0.259090
664 765 0.014094
665 722 -0.251138
665 760 -0.180878
665 768 -0.102112
666 722 147.413159
666 736 -0.198182
666 764 -0.221796
666 769 -0.148784
666 774 -0.252735
666 777 -0.254329
666 778 -0.238236
666 795 -0.257506
666 797 -0.246325
667 722 -0.244714
667 767 -0.166766
668 761 -0.206697
669 722 1.696377
669 775 -0.259090
669 776 -0.255919
669 779 -0.180878
669 785 -0.252735
669 787 -0.257506
670 761 -0.223456
671 722 -0.119201
671 762 -0.223456
671 771 -0.154219
671 772 0.085805
671 775 -0.255919
672 722 -0.107845
672 761 4.466586
673 722 -0.044757
673 774 -0.211762
673 777 1.611387
674 722 1.924273
674 780 -0.088591
674 804 -0.199893
675 722 -0.182625
675 773 -0.121080
676 775 0.313050
676 776 -0.234976
676 781 -0.257506
677 722 0.031565
677 755 -0.259090
678 772 -0.228414
678 775 -0.257506
678 781 -0.239861
679 777 -0.252735
679 778 3.510861
680 722 -0.223456
681 722 10.201810
681 786 -0.180878
682 772 -0.179127
683 722 -0.182625
684 782 0.024979
684 783 -0.259090
684 788 -0.259090
684 789 -0.259090
685 722 -0.246325
685 778 -0.187844
685 783 1.539898
685 790 -0.236608
685 791 -0.241482
686 722 -0.257506
686 784 -0.163200
686 787 -0.249537
687 772 -0.257506
687 785 -0.007329
688 722 -0.255919
688 779 -0.243100
688 785 -0.239861
688 787 12.897775
688 793 -0.238236
689 722 -0.254329
689 786 -0.013667
690 722 3.840166
691 788 -0.225112
691 789 0.250125
692 722 -0.072889
693 783 -0.259090
693 790 2.943117
693 791 -0.254329
693 792 -0.234976
694 791 0.160107
695 722 -0.210077
696 783 -0.251138
696 790 -0.236608
696 794 -0.254329
696 796 -0.128555
696 798 -0.215121
697 722 -0.257506
697 794 -0.186108
697 797 0.128348
697 798 -0.251138
697 803 -0.228414
698 722 0.239494
699 789 -0.193030
699 791 -0.241482
699 799 -0.249537
699 801 -0.060935
699 802 -0.225112
700 794 -0.009446
701 722 -0.251138
701 795 0.411918
701 797 -0.246325
702 722 0.130760
702 795 -0.257506
702 800 0.424028
703 790 -0.257506
703 796 -0.236608
703 798 0.221106
704 722 -0.179127
705 722 -0.003081
705 800 -0.259090
706 790 -0.135966
707 803 -0.221796
708 722 -0.236608
709 722 -0.226765
